-----------------------------------------------------------------------------
   PRES   HGHT   TEMP   DWPT   RELH   MIXR   DRCT   SPED   THTA   THTE   THTV
    hPa      m      C      C      %   g/kg    deg    m/s      K      K      K 
-----------------------------------------------------------------------------
 1007.0     16   24.4   24.4    100  19.43     15    4.6  297.0  353.4  300.4
 1000.0     83   23.8   22.5     92  17.40     10    5.7  296.9  347.4  300.0
  991.0    162   23.2   22.2     94  17.29    355    6.7  297.1  347.3  300.2
  976.0    296   22.2   21.8     98  17.10      5    8.8  297.4  347.1  300.4
  968.0    368   21.6   21.6    100  17.00      0   10.0  297.5  346.9  300.5
  960.0    440   21.9   21.0     95  16.55    355   11.3  298.5  346.8  301.5
  947.0    559   22.4   20.1     87  15.82    349   10.1  300.2  346.7  303.0
  938.0    642   21.8   19.9     89  15.77    345    9.3  300.4  346.9  303.3
  925.0    764   21.0   19.6     92  15.70    345    8.8  300.8  347.1  303.6
  896.0   1039   19.8   18.2     91  14.87    355    5.2  302.3  346.4  305.0
  890.0   1097   19.5   18.0     91  14.70    345    3.6  302.6  346.3  305.3
  874.0   1254   18.9   17.2     90  14.25    325    6.2  303.5  346.0  306.1
  850.0   1494   17.8   16.0     89  13.58    330    9.3  304.8  345.5  307.3
  815.0   1851   15.7   14.6     93  12.91    320   10.3  306.2  345.2  308.6
  776.0   2268   13.2   12.9     98  12.15    310    8.8  307.9  344.9  310.2
  760.0   2445   12.2   12.2    100  11.84    322    7.9  308.6  344.8  310.8
  756.0   2489   12.0   11.9     99  11.67    325    7.7  308.9  344.6  311.0
  726.0   2828   10.5    9.7     95  10.47    320    8.8  310.9  343.2  312.8
  704.0   3085    9.4    8.0     91   9.62    335    7.2  312.4  342.4  314.2
  700.0   3133    9.2    7.7     90   9.47    335    6.7  312.6  342.2  314.4
  693.0   3216    8.8    7.2     90   9.26    325    6.2  313.1  342.1  314.9
  680.0   3372    8.2    6.3     88   8.88    345    6.7  314.1  342.0  315.8
  657.0   3655    6.9    4.7     86   8.21    345    6.7  315.8  341.9  317.4
  648.0   3769    6.4    4.1     85   7.95    320    5.2  316.5  341.8  318.0
  633.0   3962    5.6    3.0     83   7.53    317    5.2  317.7  341.8  319.1
  631.0   3988    5.6    2.8     82   7.45    317    5.2  317.9  341.9  319.4
  597.0   4432    2.7    0.6     86   6.71    310    5.2  319.7  341.5  321.0
  578.0   4691    1.1   -0.7     88   6.30    255    6.7  320.7  341.3  321.9
  563.0   4902   -0.3   -1.8     90   5.99    250    5.7  321.5  341.2  322.7
  527.0   5432   -3.7   -4.4     95   5.25      0    0.0  323.6  341.0  324.6
  509.0   5710   -5.5   -5.8     98   4.89     89    1.7  324.6  341.0  325.6
  500.0   5850   -5.7   -6.9     91   4.57    135    2.6  326.0  341.4  326.9
  468.0   6365   -8.0  -12.2     72   3.22     90    5.2  329.4  340.6  330.1
  459.0   6516   -8.6  -13.7     67   2.89     75    6.2  330.4  340.6  331.0
  451.0   6653   -9.2  -15.1     62   2.62     90    5.7  331.4  340.6  331.9
  450.0   6670   -9.3  -15.3     62   2.59     90    5.9  331.5  340.6  332.0
  433.0   6966  -11.5  -13.4     85   3.14     85    9.3  332.4  343.4  333.0
  425.0   7109  -12.5  -12.5    100   3.45     69    9.0  332.8  344.9  333.5
  418.0   7235  -13.0  -13.4     97   3.25     55    8.8  333.7  345.2  334.4
  400.0   7570  -14.5  -15.9     89   2.77     65    8.8  336.1  346.0  336.6
  387.0   7821  -15.5  -18.2     80   2.36     79   10.7  337.9  346.5  338.4
  386.0   7841  -15.5  -20.5     65   1.94     80   10.8  338.2  345.3  338.6
  360.0   8365  -19.5  -26.5     54   1.22     64   11.2  339.6  344.2  339.9
  357.0   8427  -19.9  -22.9     77   1.70     62   11.3  339.9  346.2  340.3
  354.0   8489  -20.3  -23.4     76   1.65     60   11.3  340.2  346.3  340.5
  330.0   9008  -23.7  -27.3     72   1.24     80   13.4  342.4  347.1  342.7
  307.0   9533  -27.3  -36.5     41   0.55    100   15.4  344.5  346.7  344.6
  300.0   9700  -28.5  -39.5     34   0.41     95   15.4  345.1  346.8  345.2
  296.0   9796  -29.1  -47.1     16   0.19     95   15.6  345.6  346.4  345.6
  291.0   9916  -30.3  -51.3     11   0.12     95   15.7  345.6  346.1  345.6
  250.0  10970  -39.5  -49.5     34   0.17     95   17.0  347.2  347.9  347.2
  230.0  11529  -44.7  -52.1     44   0.14     85   17.5  347.6  348.2  347.7
  205.0  12300  -51.9  -55.7     64   0.10    101   18.8  348.0  348.4  348.0
  200.0  12460  -53.1  -57.5     59   0.08    105   19.0  348.5  348.9  348.5
  198.0  12524  -53.7  -58.2     58   0.08    110   19.6  348.6  349.0  348.7
  182.0  13058  -58.3  -64.3     46   0.04    108   21.6  349.6  349.8  349.6
  164.0  13702  -64.1  -67.2     66   0.03    107   24.1  350.4  350.5  350.4
  150.0  14240  -68.7  -77.7     27   0.01    105   26.2  351.6  351.6  351.6
  148.0  14320  -69.3  -79.3     23   0.01    105   26.6  351.9  351.9  351.9
  120.0  15540  -79.9  -83.6     55   0.00    105   31.4  354.2  354.2  354.2
  115.0  15778  -81.8  -86.5     47   0.00    105   32.4  354.9  354.9  354.9
  108.0  16130  -84.7  -90.7     36   0.00     95   34.5  355.9  355.9  355.9
  104.0  16340  -81.1  -88.1     32   0.00     85   31.2  366.7  366.7  366.7
  100.0  16560  -82.5  -89.5     31   0.00     75   27.8  368.1  368.1  368.1
   93.0  16961  -84.9  -91.1     35   0.00     75   23.7  371.0  371.0  371.0
   91.4  17057  -85.5  -91.5     36   0.00     85   20.2  371.7  371.7  371.7
   89.0  17204  -84.4  -91.4     30   0.00    100   14.9  376.7  376.7  376.7
   86.0  17394  -83.0  -91.4     24   0.00     85    8.2  383.3  383.3  383.3
   83.0  17591  -81.5  -91.3     19   0.00     75    7.7  390.2  390.2  390.2
   82.5  17624  -81.3  -91.3     19   0.00     69    7.7  391.3  391.3  391.3
   81.0  17729  -76.0  -88.5     13   0.00     50    7.7  404.3  404.3  404.3
   80.7  17750  -74.9  -87.9     13   0.00     50    7.5  406.9  407.0  406.9
   79.6  17830  -74.1  -88.1     11   0.00     48    6.5  410.2  410.2  410.2
   78.0  17949  -72.9  -88.3      9   0.00     45    5.2  415.0  415.0  415.0
   74.0  18260  -69.9  -88.6      5   0.00    155    1.5  427.7  427.7  427.7
   73.0  18340  -69.1  -88.7      5   0.00    235    5.2  431.0  431.0  431.0
   71.5  18463  -67.9  -88.9      4   0.00    240    9.5  436.1  436.2  436.1
   70.0  18590  -68.1  -89.1      4   0.00    245   13.9  438.4  438.4  438.4
   67.0  18848  -69.2  -89.3      4   0.00    240   19.6  441.5  441.6  441.5
   55.0  20011  -74.0  -90.5      7   0.00    275   15.4  456.0  456.0  456.0
   51.0  20456  -75.9  -90.9      9   0.00    260   16.0  461.6  461.6  461.6
   50.0  20570  -75.9  -90.9      9   0.00    255   14.9  464.2  464.3  464.2
   49.0  20690  -75.1  -90.9      8   0.00    250   10.8  468.8  468.8  468.8
   47.0  20937  -73.5  -91.0      6   0.00    290    5.2  478.2  478.3  478.2
   45.0  21194  -71.8  -91.1      5   0.00    350    5.7  488.3  488.3  488.3
   44.0  21327  -71.0  -91.1      4   0.00    355    5.2  493.6  493.6  493.6
   39.0  22042  -66.3  -91.3      2   0.00    237    1.9  522.6  522.7  522.6
   37.7  22247  -67.5  -91.5      2   0.00    203    1.0  524.7  524.7  524.7
   37.0  22362  -65.7  -91.0      2   0.00    185    0.5  532.2  532.2  532.2
   36.0  22530  -63.0  -90.2      2   0.00    250    5.2  543.3  543.4  543.3
   35.1  22685  -60.5  -89.5      1   0.00    254    6.7  553.7  553.8  553.7
   34.0  22887  -58.9  -88.5      1   0.01    260    8.8  563.0  563.0  563.0
   32.0  23270  -55.9  -86.5      1   0.01    300   10.8  581.0  581.0  581.0
   31.4  23389  -54.9  -85.9      1   0.01    304   13.2  586.7  586.8  586.7
   30.0  23680  -56.7  -85.7      2   0.01    315   19.0  589.5  589.6  589.5
   27.8  24160  -59.1  -87.1      2   0.01    304   17.7  595.8  595.8  595.8
   26.0  24578  -59.7  -87.7      2   0.01    295   16.5  605.7  605.7  605.7
   24.1  25053  -60.3  -88.3      2   0.01    298   11.4  617.1  617.2  617.1
   23.0  25347  -58.8  -87.8      1   0.01    300    8.2  629.9  630.0  629.9
   22.0  25627  -57.3  -87.3      1   0.01    235    5.2  642.4  642.5  642.4
   21.1  25890  -55.9  -86.9      1   0.01    231    7.9  654.2  654.4  654.2
   21.0  25920  -55.9  -86.8      1   0.01    230    8.2  655.0  655.1  655.0
   20.0  26230  -56.3  -86.3      1   0.01    205    9.8  663.1  663.2  663.1
   19.0  26553  -56.8  -86.6      1   0.01    195   13.9  671.2  671.4  671.2
   17.0  27253  -58.0  -87.4      1   0.01    150    6.2  689.2  689.3  689.2
   16.0  27635  -58.6  -87.8      1   0.01    140    5.2  699.2  699.3  699.2
   15.3  27917  -59.1  -88.1      1   0.01    123    8.0  706.6  706.7  706.6
   15.0  28042  -58.3  -87.8      1   0.01    115    9.3  713.2  713.3  713.2
   14.1  28432  -55.9  -86.9      1   0.02     97   20.3  734.1  734.3  734.1
   14.0  28477  -56.0  -86.9      1   0.02     95   21.6  735.2  735.4  735.3
   12.6  29143  -57.5  -87.5      1   0.02     85   22.0  752.5  752.7  752.5
   12.0  29457  -54.7  -86.2      1   0.02     80   22.1  773.0  773.2  773.0
   10.7  30196  -48.1  -83.1      1   0.04     83   25.7  822.8  823.3  822.9
   10.0  30640  -49.1  -83.1      1   0.04     85   27.8  835.2  835.7  835.2
    9.0  31325  -51.2  -83.7      1   0.04     80   33.0  852.6  853.2  852.6
    8.1  32009  -53.3  -84.3      1   0.05     84   38.9  870.4  871.0  870.4
    8.0  32092  -52.7  -84.1      1   0.05     85   39.6  875.7  876.4  875.8
    7.9  32177  -52.1  -83.9      1   0.05     85   39.6  881.2  881.9  881.3
    6.0  34023  -39.4  -79.3      1   0.14    130   25.2 1008.3 1010.3 1008.4
    5.4  34730  -34.5  -77.5      1   0.20    118   25.2 1060.8 1063.9 1061.0