-----------------------------------------------------------------------------
   PRES   HGHT   TEMP   DWPT   RELH   MIXR   DRCT   SPED   THTA   THTE   THTV
    hPa      m      C      C      %   g/kg    deg    m/s      K      K      K 
-----------------------------------------------------------------------------
 1005.0     16   29.4   25.2     78  20.46    300    2.6  302.1  362.9  305.8
 1000.0     71   28.6   24.7     80  19.94    125    3.1  301.8  360.9  305.3
  935.0    667   23.0   23.0    100  19.23    172    2.6  301.9  358.9  305.4
  929.0    723   22.2   20.7     91  16.76    177    2.6  301.6  351.2  304.7
  925.0    761   22.8   19.5     82  15.60    180    2.6  302.6  349.0  305.4
  850.0   1494   18.2   14.5     79  12.31    200    2.1  305.2  342.3  307.5
  849.0   1504   18.2   14.6     80  12.40    197    2.0  305.3  342.7  307.6
  847.0   1524   18.2   13.2     73  11.33    192    2.0  305.5  339.7  307.6
  791.0   2107   14.3   11.8     85  11.04     45    0.5  307.4  341.0  309.4
  770.0   2336   12.8   11.2     90  10.92     14    1.4  308.1  341.5  310.1
  739.0   2681   11.8    8.2     79   9.28    327    2.8  310.7  339.4  312.4
  731.0   2772   11.8    1.8     50   5.97    315    3.2  311.6  330.5  312.8
  704.0   3087    9.2    8.0     92   9.62    272    4.4  312.1  342.1  313.9
  700.0   3134    9.2    7.5     89   9.34    265    4.6  312.6  341.8  314.4
  688.0   3277    8.2    5.9     85   8.50    251    4.7  313.1  339.7  314.7
  673.0   3459    7.2    6.2     93   8.88    234    4.7  313.9  341.8  315.6
  645.0   3809    6.8    0.8     66   6.30    201    4.8  317.3  337.6  318.5
  623.0   4094    4.2    3.8     97   8.11    173    4.9  317.5  343.4  319.1
  564.0   4899    0.8   -3.5     73   5.24     95    5.2  322.6  340.0  323.6
  558.0   4985    0.4   -4.3     71   4.99    110    5.9  323.2  339.8  324.1
  556.0   5014    0.9   -5.3     63   4.64    115    6.2  324.1  339.7  325.0
  555.0   5028    1.2   -5.8     60   4.48    114    6.1  324.6  339.7  325.5
  540.0   5248    0.0   -9.0     51   3.59     92    5.4  325.7  338.0  326.4
  535.0   5322   -0.5   -9.0     53   3.61     85    5.2  326.0  338.3  326.7
  514.0   5641   -2.8   -9.2     61   3.71     85    5.2  327.0  339.7  327.8
  502.0   5828   -4.1   -9.3     67   3.78    110    6.7  327.6  340.6  328.4
  500.0   5860   -4.3   -9.3     68   3.79    110    7.2  327.7  340.7  328.5
  425.0   7120  -13.3  -14.9     88   2.84     85    8.8  331.8  341.8  332.4
  410.0   7393  -14.3  -19.3     66   2.03    104   10.3  333.9  341.3  334.4
  401.0   7561  -15.9  -19.1     76   2.11    115   11.3  334.0  341.6  334.4
  400.0   7580  -16.1  -19.1     78   2.12    115   11.8  334.0  341.6  334.4
  379.0   7983  -18.4  -21.1     79   1.88     85    9.3  336.1  342.9  336.5
  345.0   8685  -22.5  -24.6     83   1.51     81   16.7  339.7  345.4  340.0
  335.0   8900  -24.1  -25.6     87   1.42     80   19.0  340.3  345.7  340.6
  311.0   9442  -28.3  -28.3    100   1.20     70   17.7  341.8  346.4  342.1
  300.0   9700  -30.1  -30.9     93   0.97     65   17.0  342.8  346.6  343.0
  295.0   9819  -31.4  -31.6     99   0.93     65   16.5  342.6  346.2  342.8
  294.0   9843  -31.7  -31.7    100   0.92     64   16.3  342.6  346.1  342.7
  283.0  10112  -33.1  -35.8     77   0.64     51   14.4  344.3  346.8  344.4
  274.0  10338  -35.1  -40.7     56   0.40     40   12.9  344.6  346.3  344.7
  273.0  10364  -35.3  -41.3     54   0.38     40   12.9  344.7  346.2  344.7
  250.0  10970  -40.5  -45.5     59   0.26     45   14.4  345.7  346.8  345.8
  244.0  11134  -41.9  -47.9     52   0.21     45   14.1  346.0  346.9  346.1
  236.0  11358  -43.9  -48.5     60   0.20     45   13.6  346.3  347.2  346.4
  235.0  11386  -44.3  -52.3     41   0.13     45   13.5  346.1  346.7  346.2
  233.0  11443  -44.8  -51.8     46   0.14     45   13.4  346.2  346.8  346.3
  227.0  11616  -46.3  -50.2     65   0.17     42   14.3  346.5  347.3  346.6
  209.0  12157  -50.7  -52.9     77   0.14     34   17.4  347.9  348.5  347.9
  206.0  12250  -51.7  -56.6     56   0.09     33   18.0  347.8  348.2  347.8
  200.0  12440  -53.3  -58.1     56   0.08     30   19.0  348.2  348.5  348.2
  198.0  12505  -53.7  -57.8     61   0.08     30   19.0  348.6  348.9  348.6
  182.0  13042  -58.3  -68.3     27   0.02     33   20.0  349.6  349.7  349.6
  180.0  13112  -58.9  -65.9     40   0.03     33   20.1  349.7  349.8  349.7
  177.0  13217  -59.9  -74.9     13   0.01     34   20.3  349.7  349.8  349.7
  158.0  13917  -66.7  -72.7     43   0.01     38   21.6  349.8  349.8  349.8
  150.0  14230  -69.5  -74.5     49   0.01     40   22.1  350.2  350.2  350.2
  142.0  14554  -72.7  -77.1     52   0.01     45   23.2  350.1  350.2  350.1
  141.0  14596  -73.1  -77.4     53   0.01     47   24.2  350.1  350.2  350.1
  133.0  14935  -75.7  -81.7     40   0.00     60   32.4  351.4  351.4  351.4
  131.0  15023  -75.1  -81.7     37   0.00     65   33.0  353.9  353.9  353.9
  126.0  15249  -73.7  -81.7     30   0.00     81   27.5  360.5  360.5  360.5
  119.0  15580  -75.3  -82.9     31   0.00    105   19.6  363.5  363.5  363.5
  113.0  15879  -76.7  -83.9     32   0.00    130   21.1  366.2  366.2  366.2
  110.0  16035  -77.5  -84.5     33   0.00    124   19.8  367.6  367.6  367.6
  106.0  16248  -76.4  -85.0     26   0.00    115   18.0  373.6  373.6  373.6
  105.0  16302  -76.1  -85.1     24   0.00    120   16.1  375.2  375.2  375.2
  103.0  16414  -70.9  -84.9     12   0.00    130   12.2  387.2  387.2  387.2
  101.0  16531  -69.9  -86.9      7   0.00    140    8.2  391.3  391.3  391.3
  100.0  16590  -69.9  -86.9      7   0.00    145    6.2  392.4  392.4  392.4
   99.0  16649  -70.2  -87.0      7   0.00    155    5.2  393.0  393.0  393.0
   96.0  16830  -71.0  -87.2      8   0.00    230    1.0  394.9  394.9  394.9
   94.0  16954  -71.5  -87.4      8   0.00    295    5.2  396.2  396.2  396.2
   88.0  17341  -73.3  -87.9     10   0.00    280    5.2  400.3  400.3  400.3
   83.0  17685  -74.8  -88.4     11   0.00    300    8.2  403.9  403.9  403.9
   82.0  17757  -75.1  -88.5     12   0.00    305    8.8  404.6  404.7  404.6
   80.2  17887  -75.7  -88.7     12   0.00    330    7.7  406.0  406.0  406.0
   80.0  17902  -75.7  -88.7     12   0.00    330    7.7  406.4  406.4  406.4
   77.0  18124  -75.0  -88.9     11   0.00     60    6.7  412.3  412.3  412.3
   76.0  18201  -74.8  -88.9     10   0.00     65    5.7  414.3  414.3  414.3
   75.0  18278  -74.5  -89.0     10   0.00    155    1.0  416.4  416.4  416.4
   74.0  18356  -74.3  -89.1      9   0.00    245    5.2  418.5  418.5  418.5
   73.0  18435  -74.0  -89.1      9   0.00    255    7.7  420.6  420.6  420.6
   70.0  18680  -73.3  -89.3      8   0.00    195    4.1  427.2  427.3  427.2
   66.0  19027  -71.0  -89.5      5   0.00    185    5.2  439.5  439.5  439.5
   65.0  19117  -70.4  -89.6      5   0.00    200    5.2  442.7  442.7  442.7
   63.0  19301  -69.2  -89.7      4   0.00    185    5.7  449.3  449.4  449.3
   62.2  19377  -68.7  -89.7      4   0.00    195    6.2  452.1  452.1  452.1
   60.0  19592  -68.9  -89.9      4   0.00    225    7.7  456.4  456.4  456.4
   59.7  19621  -68.9  -89.9      4   0.00    226    8.0  457.0  457.0  457.0
   58.0  19796  -67.3  -89.5      3   0.00    230    9.8  464.4  464.4  464.4
   56.0  20008  -65.3  -89.0      3   0.00    250    8.8  473.5  473.6  473.5
   54.2  20205  -63.5  -88.5      2   0.00    232    5.5  482.2  482.2  482.2
   54.0  20228  -63.4  -88.5      2   0.00    230    5.2  482.8  482.9  482.8
   52.0  20459  -62.8  -88.3      2   0.00    220    2.6  489.6  489.6  489.6
   50.0  20700  -62.1  -88.1      2   0.00    265   10.3  496.7  496.7  496.7
   47.0  21084  -61.4  -88.0      2   0.00    260   15.4  507.2  507.2  507.2
   43.0  21636  -60.5  -88.0      2   0.00    290    6.2  522.6  522.6  522.6
   42.0  21781  -60.2  -87.9      2   0.00    265    7.7  526.8  526.8  526.8
   41.0  21931  -60.0  -87.9      2   0.00    290    5.2  531.0  531.1  531.0
   40.8  21961  -59.9  -87.9      2   0.00    289    5.2  531.9  532.0  531.9
   37.0  22566  -62.0  -88.7      2   0.00    260    5.2  541.5  541.6  541.5
   35.2  22875  -63.1  -89.1      2   0.00    354    1.0  546.5  546.5  546.5
   35.0  22910  -63.0  -89.1      2   0.00      5    0.5  547.6  547.6  547.6
   33.2  23235  -62.3  -89.3      2   0.00     63    4.7  557.8  557.9  557.8
   33.0  23273  -61.9  -89.1      2   0.00     70    5.2  559.9  560.0  559.9
   30.2  23828  -55.7  -85.7      1   0.01     61   18.6  591.1  591.2  591.1
   30.0  23870  -55.7  -85.7      1   0.01     60   19.6  592.2  592.3  592.2
   29.0  24085  -56.7  -86.3      1   0.01     65   21.1  595.1  595.2  595.1
   28.0  24307  -57.8  -86.8      2   0.01     70   24.2  598.2  598.3  598.2
   27.9  24329  -57.9  -86.9      2   0.01     71   24.4  598.5  598.6  598.5
   26.0  24777  -55.9  -85.9      1   0.01     95   27.8  616.3  616.4  616.3
   24.2  25233  -53.9  -84.9      1   0.01     91   26.5  634.9  635.0  634.9
   22.0  25842  -55.3  -85.6      1   0.01     85   24.7  648.3  648.4  648.3
   21.1  26109  -55.9  -85.9      1   0.01     89   29.2  654.2  654.4  654.2
   20.0  26450  -54.3  -85.3      1   0.02     95   35.0  669.2  669.4  669.2
   19.0  26783  -50.8  -84.0      1   0.02     95   36.5  689.9  690.1  689.9
   18.2  27063  -47.9  -82.9      1   0.03     95   28.8  707.6  707.9  707.6
   18.0  27137  -47.7  -82.8      1   0.03     95   26.8  710.3  710.6  710.4
   15.0  28349  -45.1  -81.6      1   0.04     80   41.7  757.1  757.5  757.1
   14.0  28808  -44.1  -81.1      1   0.04     90   42.7  775.5  776.1  775.6
   13.7  28953  -44.1  -81.1      1   0.04     90   42.7  780.5  781.0  780.5
   12.8  29409  -43.9  -80.9      1   0.05     90   35.3  796.4  796.9  796.4
   12.0  29848  -41.0  -79.9      1   0.06     90   28.3  821.4  822.2  821.5
   11.2  30317  -37.9  -78.9      1   0.08    105   20.9  849.0  849.9  849.0
   10.0  31100  -36.5  -78.5      1   0.09    130    8.8  882.1  883.3  882.2
    9.0  31834  -35.7  -78.0      1   0.11    195    2.6  912.3  913.8  912.4
    8.0  32654  -34.7  -77.5      1   0.13    325    8.2  947.3  949.1  947.4
    7.4  33196  -34.1  -77.1      1   0.15    331   11.5  971.1  973.3  971.2
    7.0  33583  -35.6  -78.1      1   0.14    335   13.9  980.7  982.7  980.7
    6.5  34097  -37.5  -79.5      1   0.12    335   10.2  993.5  995.2  993.5
    6.0  34650  -37.4  -79.4      1   0.13    335    6.2 1016.9 1018.9 1016.9
    5.5  35250  -37.3  -79.3      1   0.15    321   12.3 1042.9 1045.2 1043.0
    5.1  35776  -33.1  -77.1      0   0.22    308   17.7 1084.6 1088.2 1084.8
    5.0  35914  -33.8  -77.5      0   0.21    305   19.0 1087.5 1090.9 1087.6
    4.5  36647  -37.7  -79.7      1   0.17    338   14.4 1102.6 1105.3 1102.7
    4.3  36965  -31.9  -75.9      1   0.32    352   12.4 1144.5 1149.8 1144.7
    4.0  37474  -32.8  -76.8      0   0.30     15    9.3 1164.1 1169.2 1164.3
    3.9  37653  -33.1  -77.1      0   0.29               1171.0 1176.0 1171.2
    