-----------------------------------------------------------------------------
   PRES   HGHT   TEMP   DWPT   RELH   MIXR   DRCT   SPED   THTA   THTE   THTV
    hPa      m      C      C      %   g/kg    deg    m/s      K      K      K 
-----------------------------------------------------------------------------
 1005.0     16   25.0   23.1     89  17.97     10    4.6  297.7  350.0  300.9
 1000.0     68   24.4   21.4     83  16.24    355    4.6  297.5  344.8  300.4
  991.0    147   23.6   21.0     85  16.04    345    5.2  297.6  344.2  300.4
  972.0    317   22.0   20.3     90  15.60      2    7.7  297.6  342.9  300.3
  957.0    453   22.5   19.5     83  15.06     15    9.8  299.4  343.5  302.1
  948.0    536   22.8   19.0     79  14.74     17    9.4  300.5  343.9  303.2
  930.0    703   21.9   18.2     80  14.30     20    8.8  301.2  343.5  303.8
  925.0    750   21.6   18.0     80  14.17     15    8.2  301.4  343.3  303.9
  885.0   1133   19.9   15.6     76  12.69    310    8.2  303.5  341.4  305.8
  850.0   1482   18.4   13.4     73  11.44    295    7.2  305.4  339.9  307.5
  835.0   1633   17.7   12.5     72  11.01    285    7.2  306.3  339.6  308.3
  823.0   1756   17.2   11.8     71  10.66    315    7.7  307.0  339.4  308.9
  804.0   1953   16.3   10.7     70  10.12    335    8.2  308.1  339.0  309.9
  782.0   2189   15.3    9.4     68   9.51    335    6.2  309.4  338.7  311.2
  770.0   2320   14.7    8.6     67   9.18    355    8.8  310.1  338.5  311.9
  702.0   3103   11.2    4.2     62   7.39    336   11.3  314.6  338.0  316.0
  700.0   3127   11.2    4.2     62   7.41    335   11.3  314.9  338.4  316.3
  699.0   3139   11.2    4.2     62   7.42    336   11.3  315.0  338.6  316.4
  680.0   3365    9.6    3.6     66   7.31    350    9.8  315.7  338.9  317.1
  649.0   3747    6.8    2.6     74   7.12    310    9.3  316.8  339.6  318.1
  630.0   3991    5.1    1.9     80   6.99    305    7.7  317.5  340.0  318.8
  621.0   4109    4.2    1.6     83   6.93    280    7.2  317.8  340.1  319.2
  602.0   4364    2.4    0.9     90   6.81    295    8.2  318.5  340.5  319.9
  592.0   4501    1.4    0.5     94   6.74    275    7.7  318.9  340.7  320.2
  578.0   4697    0.0    0.0    100   6.64    285    7.7  319.5  341.0  320.7
  545.0   5165   -2.1   -2.5     97   5.85    310    7.7  322.4  341.7  323.6
  536.0   5297   -2.7   -3.2     96   5.64    295    8.8  323.3  341.9  324.4
  518.0   5569   -3.9   -4.7     94   5.23    305   10.3  325.0  342.4  326.0
  500.0   5850   -5.1   -6.2     92   4.82    315    8.8  326.8  343.0  327.7
  482.0   6135   -6.5   -8.0     89   4.35    315    6.2  328.5  343.3  329.3
  471.0   6315   -7.4   -9.1     87   4.08    350    5.2  329.5  343.5  330.3
  462.0   6465   -8.1  -10.1     86   3.86     10    1.5  330.4  343.8  331.2
  446.0   6739   -9.5  -11.8     83   3.48     22    2.6  332.1  344.2  332.8
  409.0   7400  -13.9  -15.5     88   2.81     50    5.2  334.7  344.7  335.3
  401.0   7551  -14.9  -16.3     89   2.67     70    5.2  335.3  344.9  335.8
  400.0   7570  -15.1  -16.6     88   2.61     70    5.7  335.3  344.6  335.8
  393.0   7700  -16.0  -17.6     88   2.45     55    6.7  335.8  344.7  336.3
  362.0   8306  -20.1  -22.0     84   1.81     75    6.7  338.3  345.0  338.7
  346.0   8639  -22.4  -24.5     83   1.52     75    5.2  339.6  345.3  339.9
  338.0   8811  -23.5  -25.8     82   1.39     55    5.2  340.3  345.5  340.6
  330.0   8988  -24.7  -27.1     81   1.26     85    7.7  341.0  345.8  341.3
  322.0   9168  -26.0  -28.4     80   1.14     75    8.2  341.7  346.1  341.9
  317.0   9284  -26.7  -29.3     79   1.07     90    9.8  342.1  346.3  342.4
  307.0   9520  -28.3  -31.0     78   0.94    105    7.2  343.0  346.7  343.2
  300.0   9690  -29.5  -32.3     77   0.85     95    7.2  343.7  347.0  343.9
  295.0   9809  -30.5  -33.6     74   0.76     99    6.1  343.9  346.9  344.1
  293.0   9857  -30.9  -34.0     74   0.74    100    5.7  344.0  346.9  344.2
  276.0  10274  -34.3  -37.6     72   0.55    140    4.6  345.1  347.3  345.2
  259.0  10718  -37.9  -41.4     70   0.39    127    8.9  346.1  347.7  346.1
  250.0  10960  -39.9  -43.1     71   0.34    120   11.3  346.6  348.0  346.7
  248.0  11015  -40.3  -43.4     73   0.33    120   11.8  346.7  348.1  346.8
  243.0  11153  -41.5  -44.1     76   0.32    120   13.9  347.1  348.4  347.1
  242.0  11181  -41.7  -44.2     77   0.31    121   13.9  347.1  348.4  347.2
  223.0  11721  -46.5  -49.7     70   0.18    140   13.4  348.0  348.8  348.0
  200.0  12440  -52.9  -57.1     60   0.09    125   14.4  348.8  349.2  348.9
  183.0  13007  -58.1  -62.8     55   0.05    120   16.6  349.4  349.6  349.4
  150.0  14230  -68.9  -73.9     49   0.01    110   21.6  351.2  351.3  351.2
  143.0  14511  -71.6  -76.5     49   0.01    110   23.2  351.3  351.3  351.3
  137.0  14764  -74.1  -78.9     49   0.01    110   22.7  351.2  351.3  351.2
  136.0  14805  -74.4  -79.2     48   0.01    110   22.6  351.4  351.4  351.4
  116.0  15713  -81.5  -86.5     44   0.00     99   35.2  354.7  354.7  354.7
  109.0  16059  -83.5  -88.2     46   0.00     95   40.2  357.2  357.3  357.2
  107.0  16161  -84.1  -88.7     46   0.00     95   39.1  358.0  358.0  358.0
  100.0  16540  -78.9  -88.9     20   0.00     85   21.1  375.0  375.0  375.0
   97.0  16715  -77.0  -88.7     15   0.00     95   12.4  382.0  382.0  382.0
   95.0  16835  -75.7  -88.6     13   0.00    130    7.2  386.8  386.8  386.8
   94.0  16896  -75.1  -88.6     12   0.00    160    5.7  389.2  389.2  389.2
   93.1  16951  -74.5  -88.5     11   0.00    182    5.7  391.4  391.5  391.4
   92.0  17020  -74.8  -88.5     11   0.00    210    5.7  392.2  392.2  392.2
   87.0  17342  -76.1  -88.6     13   0.00    240    6.2  396.0  396.0  396.0
   83.0  17613  -77.1  -88.6     16   0.00     10    0.5  399.1  399.1  399.1
   77.6  18000  -78.7  -88.7     20   0.00    347    1.4  403.6  403.7  403.6
   76.2  18104  -78.9  -89.9     16   0.00    340    1.7  405.3  405.3  405.3
   74.2  18256  -76.5  -89.5     12   0.00    331    2.0  413.5  413.5  413.5
   74.0  18272  -75.7  -89.2     11   0.00    330    2.1  415.4  415.5  415.4
   72.6  18383  -70.1  -87.1      7   0.00    278    7.4  429.6  429.6  429.6
   72.0  18433  -70.2  -87.5      7   0.00    255    9.8  430.3  430.3  430.3
   70.0  18600  -70.7  -88.7      6   0.00    255   15.4  432.8  432.8  432.8
   69.0  18685  -71.3  -89.3      6   0.00    255   16.5  433.3  433.3  433.3