-----------------------------------------------------------------------------
   PRES   HGHT   TEMP   DWPT   RELH   MIXR   DRCT   SPED   THTA   THTE   THTV
    hPa      m      C      C      %   g/kg    deg    m/s      K      K      K 
-----------------------------------------------------------------------------
 1007.0     16   27.6   25.5     88  20.79    320    2.6  300.2  361.4  303.9
 1000.0     87   27.4   24.2     83  19.33    145    3.1  300.5  357.6  304.0
  961.0    439   24.3   23.1     93  18.85    150    5.2  300.8  356.5  304.2
  960.0    448   24.2   23.1     94  18.84    150    5.2  300.8  356.4  304.2
  939.0    642   23.4   20.5     84  16.35    140    5.2  301.9  350.3  304.8
  925.0    774   22.8   18.7     78  14.82    165    4.1  302.6  346.7  305.3
  892.0   1091   21.0   16.0     73  12.92    184    4.1  303.9  342.6  306.3
  850.0   1507   17.8   14.9     83  12.63    210    4.1  304.8  342.7  307.1
  819.0   1825   15.6   13.6     88  12.04    223    4.8  305.7  342.1  307.9
  802.0   2002   14.9   10.9     77  10.30    230    5.2  306.8  338.1  308.7
  792.0   2108   14.5    9.4     71   9.37    205    5.2  307.5  336.1  309.2
  770.0   2347   13.6    5.8     59   7.53    240    5.7  309.0  332.3  310.4
  752.0   2547   12.8    2.8     51   6.24    255    5.3  310.2  329.8  311.4
  743.0   2648   13.0   -1.0     38   4.79    262    5.1  311.5  326.8  312.4
  740.0   2682   12.6    6.6     67   8.29    265    5.0  311.4  337.3  313.0
  730.0   2796   11.8    7.5     75   8.95    274    4.8  311.8  339.7  313.4
  700.0   3147    9.6    4.7     71   7.68    300    4.1  313.1  337.2  314.5
  630.0   4016    4.0    2.5     90   7.30    262    3.5  316.3  339.6  317.7
  615.0   4213    4.2   -9.8     35   2.96    254    3.3  318.7  328.6  319.2
  610.0   4279    3.4    0.0     78   6.29    251    3.3  318.5  338.9  319.7
  604.0   4359    3.0   -4.0     60   4.72    247    3.2  318.9  334.4  319.8
  582.0   4660    1.6   -2.7     73   5.40    234    3.0  320.7  338.4  321.7
  500.0   5870   -6.3   -6.7     97   4.64    180    2.1  325.3  340.9  326.2
  492.0   5996   -7.1   -7.2     99   4.53      0    0.0  325.8  341.1  326.7
  488.0   6060   -7.5   -7.5    100   4.47     17    0.7  326.1  341.2  327.0
  463.0   6463  -10.2  -10.6     96   3.69    130    5.2  327.7  340.3  328.4
  449.0   6698  -11.7  -12.4     94   3.29    110    5.7  328.6  340.0  329.3
  437.0   6906  -13.1  -14.0     93   2.96    125    7.2  329.5  339.8  330.1
  417.0   7265  -15.4  -16.8     89   2.47    100    7.7  330.9  339.6  331.4
  410.0   7395  -16.3  -17.8     88   2.31    100    9.4  331.4  339.6  331.8
  400.0   7580  -17.5  -19.7     83   2.01    100   11.8  332.2  339.4  332.6
  380.0   7961  -19.2  -21.9     79   1.74    110   18.0  334.9  341.2  335.2
  358.0   8403  -21.1  -24.5     74   1.47    103   16.2  338.0  343.5  338.3
  320.0   9218  -27.0  -31.2     67   0.88     90   12.9  340.8  344.2  341.0
  316.0   9310  -27.7  -32.0     67   0.83     89   13.8  341.1  344.3  341.3
  300.0   9680  -30.7  -34.2     71   0.71     85   17.5  342.0  344.8  342.1
  294.0   9822  -31.7  -35.4     70   0.64     85   18.5  342.6  345.1  342.7
  273.0  10344  -35.3  -39.8     63   0.44     53   14.8  344.7  346.5  344.8
  268.0  10471  -36.4  -40.9     64   0.40     45   13.9  344.8  346.5  344.9
  250.0  10950  -40.7  -44.8     65   0.28     50   14.4  345.4  346.6  345.5
  236.0  11332  -44.0  -48.2     63   0.21     45   14.4  346.2  347.1  346.3
  200.0  12430  -53.3  -57.8     58   0.08     35   23.2  348.2  348.6  348.2
  193.0  12658  -55.5  -60.2     56   0.06     36   24.4  348.2  348.5  348.3
  186.0  12892  -57.7  -61.6     61   0.05     38   25.6  348.4  348.6  348.4
  169.0  13488  -63.1  -70.1     39   0.02     42   28.9  349.1  349.2  349.1
  166.0  13598  -63.9  -72.9     29   0.01     43   29.5  349.5  349.6  349.5
  157.0  13935  -66.9  -73.2     41   0.01     45   31.4  350.1  350.2  350.1
  150.0  14210  -69.3  -73.4     56   0.01     45   31.4  350.5  350.6  350.5
  147.0  14330  -70.5  -74.4     57   0.01     45   31.0  350.5  350.5  350.5
  138.0  14699  -72.8  -77.6     50   0.01     45   29.9  352.7  352.8  352.7
  129.0  15093  -75.3  -80.9     43   0.00     60   38.1  355.1  355.1  355.1
  125.0  15277  -76.5  -82.5     39   0.00     65   37.1  356.2  356.2  356.2
  119.0  15562  -75.9  -83.0     33   0.00     75   33.0  362.3  362.3  362.3
  108.0  16124  -74.8  -84.1     24   0.00    110   14.9  374.6  374.7  374.6
  100.0  16570  -73.9  -84.9     18   0.00    125   16.0  384.7  384.7  384.7
   97.0  16750  -71.8  -85.8     12   0.00    145    8.2  392.1  392.1  392.1
   95.0  16872  -70.4  -86.4      9   0.00    185    5.7  397.2  397.2  397.2
   94.0  16935  -69.7  -86.7      7   0.00    210    6.7  399.8  399.8  399.8
   93.0  16998  -70.0  -86.8      8   0.00    225    8.8  400.4  400.4  400.4
   88.0  17323  -71.7  -87.3      9   0.00    225   10.8  403.5  403.5  403.5
   84.0  17598  -73.0  -87.7     10   0.00    245   15.4  406.1  406.1  406.1
   81.6  17768  -73.9  -87.9     11   0.00    263   13.4  407.7  407.7  407.7
   77.0  18110  -72.7  -88.6      8   0.00    300    9.3  417.0  417.1  417.0
   72.0  18504  -71.3  -89.4      6   0.00    315    3.1  428.1  428.1  428.1
   70.0  18670  -70.7  -89.7      5   0.00    330    4.1  432.8  432.8  432.8
   60.0  19592  -67.9  -89.6      4   0.00    255    1.0  458.5  458.5  458.5
   57.0  19899  -67.0  -89.5      3   0.00    255    5.7  467.4  467.4  467.4
   55.5  20059  -66.5  -89.5      3   0.00    281    5.3  472.1  472.1  472.1
   55.0  20114  -65.9  -89.3      3   0.00    290    5.2  474.7  474.7  474.7
   53.0  20341  -63.4  -88.6      2   0.00    320    2.1  485.6  485.6  485.6
   52.0  20458  -62.1  -88.2      2   0.00    295    5.2  491.2  491.2  491.2
   51.1  20565  -60.9  -87.9      2   0.00    284    6.8  496.4  496.5  496.4
   50.0  20700  -61.7  -87.7      2   0.00    270    8.8  497.7  497.7  497.7
   48.0  20952  -62.6  -88.2      2   0.00    260   12.4  501.3  501.3  501.3
   45.4  21295  -63.9  -88.9      2   0.00    260    9.2  506.2  506.3  506.2
   45.0  21350  -63.6  -88.7      2   0.00    260    8.8  508.3  508.3  508.3
   44.0  21490  -62.8  -88.3      2   0.00    280    6.2  513.6  513.6  513.6
   42.0  21780  -61.1  -87.4      2   0.01    245    6.7  524.7  524.7  524.7
   41.0  21930  -60.2  -87.0      2   0.01    265    3.1  530.5  530.5  530.5
   39.0  22241  -58.4  -86.0      2   0.01    240    5.7  542.7  542.8  542.7
   38.3  22354  -57.7  -85.7      2   0.01    202    5.5  547.2  547.3  547.2
   37.0  22570  -58.4  -86.1      2   0.01    130    5.2  550.8  550.9  550.8
   35.0  22917  -59.5  -86.7      2   0.01     90    6.2  556.7  556.8  556.7
   32.0  23477  -61.3  -87.8      2   0.01     95   18.5  566.3  566.4  566.3
   30.5  23778  -62.3  -88.3      2   0.01    102   17.4  571.5  571.6  571.5
   30.0  23880  -61.3  -88.3      2   0.01    105   17.0  576.9  577.0  577.0
   29.0  24093  -59.7  -87.4      2   0.01     80   16.0  587.0  587.0  587.0
   27.1  24518  -56.5  -85.5      2   0.01     77   24.3  607.4  607.5  607.4
   26.0  24783  -56.1  -85.3      2   0.01     75   29.3  615.7  615.8  615.7
   24.0  25295  -55.4  -84.8      2   0.01     85   23.2  632.1  632.2  632.1
   21.0  26148  -54.1  -84.0      2   0.02     80   28.3  660.4  660.6  660.4
   20.0  26460  -53.7  -83.7      2   0.02     85   31.4  671.1  671.3  671.1
   18.0  27141  -51.8  -83.4      1   0.02     95   40.2  697.5  697.8  697.5
   17.5  27323  -51.3  -83.3      1   0.02    100   33.3  704.8  705.0  704.8
   17.0  27511  -51.8  -83.5      1   0.02    105   26.2  709.2  709.4  709.2
   15.6  28068  -53.1  -84.1      1   0.02     97   32.0  722.4  722.7  722.4
   13.1  29223  -47.8  -81.6      1   0.04     80   43.8  777.6  778.1  777.6
   13.0  29274  -47.6  -81.5      1   0.04     80   43.8  780.1  780.6  780.1
   11.0  30379  -42.5  -79.1      1   0.08    105   36.0  836.5  837.5  836.6
   10.7  30562  -41.7  -78.7      1   0.08    111   32.0  846.2  847.3  846.3
   10.0  31020  -42.3  -79.3      1   0.08    125   22.1  860.5  861.5  860.6
    9.3  31512  -40.5  -78.5      1   0.10    139   18.6  885.4  886.7  885.4
    9.2  31586  -40.7  -78.7      1   0.10    141   18.1  887.4  888.6  887.4
    9.0  31738  -38.4  -78.0      1   0.11    145   17.0  901.7  903.2  901.8
    8.6  32052  -33.7  -76.7      1   0.14    199   19.8  931.9  933.8  932.0
    8.0  32559  -33.6  -76.6      1   0.15    285   24.2  951.9  954.0  951.9
    7.7  32827  -33.5  -76.5      1   0.16    285   21.0  962.6  964.8  962.7
    7.0  33497  -33.0  -76.5      1   0.18    285   12.9  991.1  993.7  991.2
    6.3  34238  -32.5  -76.5      0   0.20    285   19.2 1023.6 1026.6 1023.8
    6.1  34467  -28.5  -73.5      1   0.32    285   21.1 1050.3 1055.1 1050.5
    6.0  34586  -28.0  -73.2      1   0.34    285   22.1 1057.6 1062.7 1057.8
    5.7  34955  -26.3  -72.3      1   0.40    285   24.3 1080.5 1086.7 1080.7
    5.0  35891  -29.8  -74.6      1   0.33    285   29.9 1105.6 1110.8 1105.8
    4.6  36486  -32.1  -76.1      1   0.29               1121.7 1126.4 1121.9