-----------------------------------------------------------------------------
   PRES   HGHT   TEMP   DWPT   RELH   MIXR   DRCT   SPED   THTA   THTE   THTV
    hPa      m      C      C      %   g/kg    deg    m/s      K      K      K 
-----------------------------------------------------------------------------
  876.0   1306  -22.9  -26.7     71   0.49      0    0.0  259.9  261.3  260.0
  850.0   1535  -22.9  -26.8     70   0.50    320    3.0  262.1  263.6  262.2
  745.0   2491  -27.7  -29.9     81   0.43      5   18.0  267.0  268.3  267.1
  736.0   2579  -28.1  -30.2     82   0.42      0   18.2  267.5  268.7  267.5
  700.0   2940  -26.3  -28.1     85   0.54    340   19.0  273.3  275.0  273.4
  687.0   3076  -25.3  -27.7     80   0.57    342   19.4  275.9  277.7  276.0
  500.0   5330  -36.3  -42.3     54   0.19     20   26.0  288.7  289.4  288.8
  471.0   5743  -39.3  -43.7     63   0.17     25   25.0  290.0  290.6  290.0
  447.0   6101  -40.1  -49.1     38   0.10     29   24.1  293.3  293.7  293.4
  443.0   6161  -40.6  -49.4     39   0.10     30   24.0  293.4  293.8  293.5
  400.0   6850  -46.5  -52.5     51   0.07     30   30.0  294.5  294.8  294.5
  374.0   7292  -50.1  -53.5     67   0.07     30   32.8  295.4  295.7  295.4
  304.0   8617  -59.5  -64.1     55   0.02     30   41.4  300.2  300.3  300.2
  300.0   8700  -59.9  -64.5     55   0.02     30   42.0  300.8  300.9  300.8
  270.0   9354  -62.7  -67.7     52   0.02     30   46.0  305.9  306.0  305.9
  266.0   9447  -63.1  -68.1     51   0.02     30   45.0  306.6  306.7  306.7
  250.0   9830  -61.7  -68.7     39   0.02     20   35.0  314.2  314.3  314.2
  234.0  10239  -59.6  -69.5     27   0.01     10   26.0  323.3  323.4  323.3
  233.0  10266  -59.5  -69.5     27   0.01     10   25.8  323.9  324.0  323.9
  208.0  10968  -61.6  -74.6     17   0.01      0   21.0  331.4  331.4  331.4
  200.0  11210  -62.3  -76.3     14   0.01    355   22.0  333.9  334.0  333.9
  189.0  11558  -63.2  -77.9     13   0.01    350   19.0  337.9  337.9  337.9
  184.0  11724  -63.7  -78.7     12   0.00    347   19.7  339.7  339.8  339.7
  150.0  12980  -62.9  -82.9      6   0.00    325   25.0  361.5  361.5  361.5
  147.0  13104  -63.1  -84.1      5   0.00    324   25.1  363.3  363.3  363.3
  129.0  13907  -62.7  -86.7      3   0.00    321   25.8  377.8  377.8  377.8
  124.0  14148  -63.4  -88.1      2   0.00    320   26.0  380.9  380.9  380.9
  105.0  15163  -66.1  -94.1      1   0.00    316   31.4  394.2  394.2  394.2
  100.0  15460  -63.3  -92.3      1   0.00    315   33.0  405.2  405.2  405.2
   90.0  16109  -60.8  -90.5      1   0.00    315   36.0  422.5  422.6  422.5
   86.0  16389  -59.7  -89.7      1   0.00    315   35.3  430.3  430.3  430.3
   70.0  17670  -58.9  -88.9      1   0.00    315   32.0  458.0  458.0  458.0
   65.8  18059  -58.1  -88.1      1   0.00    313   32.2  467.9  468.0  467.9
   60.4  18594  -61.3  -90.3      1   0.00    311   32.4  472.4  472.4  472.4
   50.0  19770  -59.5  -89.5      1   0.00    305   33.0  502.8  502.9  502.8
   41.0  21026  -56.4  -87.0      1   0.01    310   27.0  540.0  540.0  540.0
   36.0  21849  -54.3  -85.3      1   0.01    310   37.0  565.8  565.8  565.8