-----------------------------------------------------------------------------
   PRES   HGHT   TEMP   DWPT   RELH   MIXR   DRCT   SPED   THTA   THTE   THTV
    hPa      m      C      C      %   g/kg    deg    m/s      K      K      K 
-----------------------------------------------------------------------------
  864.0   1306   16.8    9.8     63   8.84     80    3.0  302.3  328.8  303.9
  850.0   1449   15.0    8.0     63   7.94     80    6.0  301.8  325.7  303.3
  844.0   1509   15.0    9.0     67   8.57     75    6.0  302.5  328.2  304.0
  839.0   1560   16.4    8.4     59   8.27     70    6.0  304.4  329.5  306.0
  825.0   1703   17.4    7.4     52   7.85     57    6.0  307.0  331.1  308.4
  802.0   1945   17.0    6.0     48   7.33     35    6.0  309.0  331.8  310.4
  700.0   3086    7.0    1.0     66   5.89    290    6.0  310.2  328.7  311.3
  670.0   3444    3.6   -0.2     76   5.64    290    6.9  310.3  328.0  311.4
  666.0   3492    3.5   -2.9     63   4.64    290    7.0  310.7  325.4  311.6
  656.0   3615    3.2   -9.8     38   2.77    300    6.6  311.7  320.8  312.2
  627.0   3980    2.4  -28.6      8   0.58    328    5.2  314.9  316.9  315.0
  601.0   4320    0.3  -28.1     10   0.63    355    4.0  316.2  318.5  316.3
  598.0   4360    0.0  -28.0     10   0.64    357    3.6  316.4  318.7  316.5
  594.0   4413   -0.4  -27.5     11   0.67      0    3.0  316.5  318.9  316.6
  581.0   4587   -1.9  -26.0     14   0.79      0    4.0  316.8  319.6  317.0
  526.0   5369   -8.3  -19.3     41   1.58    337    4.0  318.2  323.7  318.5
  508.0   5638   -9.9  -23.9     31   1.09    329    4.0  319.5  323.3  319.7
  500.0   5760  -10.7  -18.7     52   1.75    325    4.0  319.9  326.0  320.3
  492.0   5884  -11.5  -22.5     40   1.28    325    3.4  320.4  324.9  320.7
  487.0   5961  -11.9  -24.1     36   1.12    325    3.0  320.9  324.8  321.1
  445.0   6647  -15.5  -38.5     12   0.31    348    5.6  324.7  325.9  324.8
  424.0   7006  -18.6  -38.4     16   0.33      0    7.0  325.3  326.6  325.4
  400.0   7440  -22.3  -38.3     22   0.35     10    6.0  325.9  327.3  326.0
  300.0   9490  -38.1  -52.1     22   0.10      5   10.0  331.6  332.0  331.6
  291.0   9699  -40.1  -53.1     24   0.10      7   10.6  331.6  332.0  331.6
  256.0  10561  -47.4  -57.8     29   0.06     15   13.0  333.3  333.5  333.3
  250.0  10720  -48.7  -58.7     31   0.06     10   12.0  333.5  333.8  333.5
  207.0  11933  -56.7  -66.7     28   0.02      5   10.0  339.5  339.6  339.5
  200.0  12150  -56.7  -67.7     24   0.02      5   12.0  342.8  342.9  342.8
  196.0  12278  -56.7  -68.2     22   0.02      5   12.0  344.8  344.9  344.8
  179.0  12851  -56.7  -70.7     16   0.02    358   11.3  353.9  353.9  353.9
  165.0  13373  -50.9  -72.9      6   0.01    352   10.7  371.9  372.0  371.9
  150.0  13990  -52.5  -84.5      1   0.00    345   10.0  379.4  379.4  379.4
  100.0  16590  -54.3  -85.3      1   0.00     35    4.0  422.5  422.6  422.5
   98.0  16719  -54.9  -85.9      1   0.00      0    4.0  423.8  423.8  423.8
   95.0  16917  -55.9  -86.9      1   0.00    300    1.0  425.7  425.7  425.7
   93.7  17005  -56.3  -87.3      1   0.00    300    2.5  426.5  426.5  426.5
   89.0  17332  -56.1  -87.1      1   0.00    300    8.0  433.3  433.4  433.3
   80.0  18010  -55.5  -86.5      1   0.00      0    7.0  447.8  447.8  447.8
   70.0  18860  -54.9  -85.9      1   0.00     20    4.0  466.6  466.6  466.6
   68.0  19045  -55.1  -86.1      1   0.00     30    3.0  470.0  470.0  470.0
   59.0  19951  -56.2  -87.2      1   0.00     85    9.0  487.0  487.0  487.0
   58.4  20016  -56.3  -87.3      1   0.00     83    8.2  488.2  488.2  488.2
   54.0  20517  -54.8  -86.3      1   0.00     70    2.0  502.8  502.8  502.8
   52.0  20759  -54.1  -85.8      1   0.01     80    9.0  509.9  509.9  509.9
   50.0  21010  -53.3  -85.3      1   0.01     80    6.0  517.4  517.5  517.4
   47.8  21301  -52.5  -84.5      1   0.01     66    4.9  526.0  526.1  526.0
   41.5  22210  -55.5  -86.5      1   0.01     20    1.5  540.3  540.3  540.3
   39.0  22610  -54.8  -86.0      1   0.01      0    0.0  551.7  551.7  551.7
   34.0  23494  -53.3  -84.9      1   0.01     55    9.0  577.7  577.8  577.7
   30.0  24300  -51.9  -83.9      1   0.01     45    5.0  602.5  602.7  602.6
   29.0  24521  -50.7  -83.6      1   0.01     45   11.0  611.6  611.7  611.6
   28.8  24566  -50.5  -83.5      1   0.01     48    9.8  613.5  613.6  613.5
   28.0  24749  -50.7  -83.5      1   0.01     60    5.0  617.8  618.0  617.8
   24.6  25592  -51.7  -83.7      1   0.02     79   10.4  638.3  638.4  638.3
   22.0  26325  -49.1  -82.2      1   0.02     95   15.0  666.7  666.9  666.7
   20.0  26950  -46.9  -80.9      1   0.03    115   11.0  691.8  692.2  691.9
   18.6  27434  -44.1  -78.1      1   0.05     99    9.0  715.1  715.6  715.1
   16.0  28441  -44.7  -78.7      1   0.06     65    5.0  744.4  745.0  744.5
   14.7  29008  -45.1  -79.1      1   0.06     90   12.6  761.5  762.1  761.5
   14.0  29336  -44.0  -78.3      1   0.07    105   17.0  776.0  776.8  776.0
   13.0  29834  -42.2  -77.1      1   0.09    115   17.0  798.6  799.6  798.6
   12.7  29991  -41.7  -76.7      1   0.09                805.8  806.9  805.8