-----------------------------------------------------------------------------
   PRES   HGHT   TEMP   DWPT   RELH   MIXR   DRCT   SPED   THTA   THTE   THTV
    hPa      m      C      C      %   g/kg    deg    m/s      K      K      K 
-----------------------------------------------------------------------------
  861.0   1306   27.6    7.6     28   7.63    340    4.0  313.9  338.0  315.3
  850.0   1427   25.4    8.4     34   8.16    330    5.0  312.7  338.4  314.3
  811.0   1828   21.6    7.0     39   7.80      0    5.0  313.0  337.5  314.4
  744.0   2565   14.7    4.6     51   7.15     20    4.0  313.2  335.8  314.6
  700.0   3086    9.8    2.8     62   6.71     25    2.0  313.3  334.5  314.6
  688.0   3229    8.4    2.4     66   6.63     23    1.8  313.3  334.3  314.6
  675.0   3387    7.2   -0.8     57   5.35     20    1.6  313.7  330.8  314.7
  641.0   3810    5.2  -15.8     20   1.74     13    1.1  316.1  322.0  316.4
  595.0   4411    0.0  -12.0     40   2.56      3    0.3  316.8  325.4  317.3
  588.0   4506   -1.1  -12.1     43   2.57      2    0.1  316.6  325.2  317.1
  581.0   4601   -1.9  -11.1     49   2.83      0    0.0  316.8  326.2  317.3
  565.0   4823   -3.7   -8.7     68   3.51    359    1.7  317.2  328.8  317.9
  554.0   4978   -3.5  -16.5     36   1.90    358    2.9  319.2  325.7  319.6
  518.0   5505   -6.7  -32.7     11   0.47    356    7.0  321.5  323.3  321.6
  501.0   5764   -8.4  -32.5     12   0.50    355    9.0  322.6  324.4  322.6
  500.0   5780   -8.5  -32.5     12   0.50    355    9.0  322.6  324.5  322.7
  488.0   5968   -8.9  -33.9     11   0.45    356    9.1  324.4  326.1  324.5
  400.0   7470  -20.7  -40.7     15   0.27      0   10.0  328.0  329.1  328.1
  300.0   9530  -37.3  -52.3     20   0.10    350   12.0  332.7  333.1  332.7
  285.0   9881  -40.1  -52.1     27   0.11    354   12.0  333.6  334.0  333.6
  266.0  10344  -43.9  -55.4     27   0.08      0   12.0  334.7  335.0  334.7
  250.0  10760  -47.3  -58.3     28   0.06      0   14.0  335.6  335.9  335.6
  200.0  12200  -57.5  -65.5     36   0.03      0   19.0  341.6  341.7  341.6
  196.0  12327  -58.0  -66.5     33   0.03      0   21.0  342.8  342.9  342.8
  193.0  12424  -58.3  -67.3     31   0.02      0   21.0  343.8  343.9  343.8
  176.0  13010  -53.5  -70.5     11   0.02    351   15.4  360.8  360.9  360.8
  156.0  13787  -52.3  -80.6      2   0.00    340    8.0  375.5  375.6  375.5
  150.0  14040  -51.9  -83.9      1   0.00    325   10.0  380.4  380.5  380.4
  138.0  14581  -51.7  -83.7      1   0.00    319   10.0  390.0  390.0  390.0
  121.0  15423  -56.1  -86.4      1   0.00    310   10.0  396.9  396.9  396.9
  118.0  15584  -56.9  -86.9      1   0.00    319   10.4  398.2  398.2  398.2
  107.0  16208  -55.0  -85.6      1   0.00    355   12.0  413.1  413.1  413.1
  102.0  16513  -54.1  -85.0      1   0.00    330   11.0  420.6  420.6  420.6
  101.0  16576  -53.9  -84.9      1   0.00    332   10.0  422.1  422.1  422.1
  100.0  16640  -54.3  -85.3      1   0.00    335    9.0  422.5  422.6  422.5
   80.0  18054  -57.1  -87.4      1   0.00    310    2.0  444.6  444.6  444.6
   75.0  18463  -57.9  -88.0      1   0.00    320   10.0  451.2  451.2  451.2
   71.5  18766  -58.5  -88.5      1   0.00    317    7.2  456.1  456.1  456.1
   70.0  18900  -56.5  -87.5      1   0.00    315    6.0  463.2  463.2  463.2
   69.8  18918  -56.1  -87.1      1   0.00    319    5.8  464.4  464.4  464.4
   68.0  19084  -56.4  -87.1      1   0.00      0    4.0  467.3  467.3  467.3
   62.4  19628  -57.3  -87.3      1   0.00     24    3.6  476.9  476.9  476.9
   54.0  20549  -54.7  -86.0      1   0.01     65    3.0  503.0  503.0  503.0
   50.0  21040  -53.3  -85.3      1   0.01     80    6.0  517.4  517.5  517.4
   47.8  21330  -52.5  -84.5      1   0.01     78    6.9  526.0  526.1  526.0
   41.0  22316  -54.2  -85.6      1   0.01     70   10.0  545.5  545.5  545.5
   36.2  23116  -55.5  -86.5      1   0.01     76   10.0  561.8  561.8  561.8
   30.0  24330  -49.9  -82.9      1   0.02     85   10.0  608.0  608.1  608.0
   27.5  24901  -48.3  -81.3      1   0.02     90    8.5  627.8  628.0  627.8
   21.5  26516  -49.7  -82.7      1   0.02    104    4.4  669.3  669.5  669.3
   21.0  26670  -49.2  -82.2      1   0.02    105    4.0  675.2  675.4  675.2
   20.0  26990  -48.3  -81.3      1   0.03     60    6.0  687.6  687.9  687.6
   19.0  27331  -47.2  -80.7      1   0.03     50   11.0  701.2  701.5  701.2
   18.0  27690  -46.0  -80.1      1   0.04     95   16.0  715.8  716.2  715.8
   17.0  28070  -44.8  -79.4      1   0.05    100   12.0  731.6  732.1  731.6
   16.5  28268  -44.1  -79.1      1   0.05                740.0  740.5  740.0