-----------------------------------------------------------------------------
   PRES   HGHT   TEMP   DWPT   RELH   MIXR   DRCT   SPED   THTA   THTE   THTV
    hPa      m      C      C      %   g/kg    deg    m/s      K      K      K 
-----------------------------------------------------------------------------
  876.0   1306  -26.5  -29.9     73   0.37      0    0.0  256.2  257.2  256.2
  874.0   1323  -27.1  -30.2     75   0.36    357    0.5  255.7  256.7  255.8
  872.0   1339  -25.9  -29.1     74   0.40    355    0.9  257.1  258.3  257.2
  850.0   1525  -25.9  -29.4     72   0.39    325    6.0  259.0  260.1  259.1
  811.0   1864  -26.7  -29.4     78   0.41    341   11.7  261.7  262.9  261.7
  781.0   2135  -28.9  -32.6     70   0.32    355   16.3  262.1  263.1  262.2
  758.0   2348  -30.1  -33.0     75   0.31      5   20.0  263.1  264.0  263.1
  750.0   2424  -30.5  -33.2     77   0.31      3   19.2  263.4  264.4  263.5
  748.0   2443  -29.3  -31.9     78   0.35      3   19.0  264.9  266.0  265.0
  738.0   2539  -28.8  -31.4     78   0.37      0   18.0  266.5  267.6  266.5
  709.0   2826  -27.5  -30.1     78   0.44    352   18.8  271.0  272.4  271.1
  700.0   2918  -28.1  -31.0     76   0.41    350   19.0  271.3  272.6  271.4
  500.0   5270  -40.1  -46.1     53   0.12    345   21.0  284.1  284.5  284.1
  429.0   6293  -47.5  -53.5     50   0.06    350   18.0  287.4  287.6  287.4
  400.0   6760  -50.9  -56.9     49   0.04    345   21.0  288.8  288.9  288.8
  300.0   8580  -63.1  -68.0     52   0.01    350   23.0  296.3  296.3  296.3
  297.0   8642  -63.5  -68.3     53   0.01    345   24.0  296.6  296.6  296.6
  250.0   9710  -61.5  -68.5     39   0.02    325   28.0  314.5  314.6  314.5
  249.0   9735  -61.7  -68.7     39   0.02    325   28.2  314.6  314.6  314.6
  246.0   9810  -61.1  -68.9     36   0.02    325   29.0  316.6  316.6  316.6
  230.0  10227  -57.7  -69.7     21   0.01    329   27.2  327.9  327.9  327.9
  204.0  10976  -58.9  -76.1     10   0.01    335   24.0  337.4  337.4  337.4
  200.0  11100  -59.1  -77.1      8   0.01    330   25.0  339.0  339.0  339.0
  194.0  11291  -59.5  -77.5      8   0.01    331   26.3  341.3  341.4  341.3
  170.0  12117  -61.3  -82.8      5   0.00    335   32.0  351.5  351.6  351.5
  167.0  12228  -61.5  -83.5      4   0.00    334   31.6  352.9  353.0  352.9
  150.0  12900  -58.7  -84.7      2   0.00    325   29.0  368.7  368.8  368.7
  143.0  13201  -57.1  -84.1      2   0.00    322   28.3  376.6  376.6  376.6
  122.0  14186  -60.3  -87.7      2   0.00    310   26.0  388.3  388.3  388.3
  100.0  15421  -64.3  -92.3      1   0.00    310   32.0  403.2  403.2  403.2
   94.0  15800  -62.0  -90.9      1   0.00    310   26.0  414.8  414.8  414.8
   93.1  15860  -61.7  -90.7      1   0.00    310   26.9  416.7  416.7  416.7
   81.9  16648  -63.7  -91.7      1   0.00    310   38.7  428.1  428.1  428.1
   77.3  17004  -61.2  -90.0      1   0.00    310   44.0  440.4  440.4  440.4
   77.0  17028  -61.1  -89.9      1   0.00    310   44.0  441.2  441.2  441.2
   76.0  17109  -60.5  -89.5      1   0.00    310   43.9  444.1  444.1  444.1
   70.0  17620  -60.1  -90.1      1   0.00    310   43.0  455.5  455.5  455.5
   65.1  18074  -59.9  -89.9      1   0.00    308   40.6  465.4  465.5  465.4
   63.3  18252  -54.9  -85.9      1   0.00    308   39.7  480.2  480.2  480.2
   59.0  18704  -53.1  -85.1      1   0.01    306   37.3  494.0  494.0  494.0
   55.0  19156  -55.0  -86.2      1   0.00    305   35.0  499.6  499.7  499.6
   54.0  19274  -55.5  -86.5      1   0.00    307   33.1  501.1  501.1  501.1
   50.3  19731  -51.7  -83.7      1   0.01    314   25.6  520.3  520.4  520.3
   50.0  19770  -51.7  -83.7      1   0.01    315   25.0  521.2  521.3  521.2
   44.0  20588  -55.8  -86.6      1   0.01    310    7.0  530.5  530.5  530.5
   40.8  21071  -58.3  -88.3      1   0.00    312   14.8  535.9  535.9  535.9
   37.0  21689  -57.5  -88.0      1   0.01    315   25.0  553.0  553.1  553.0
   35.0  22040  -57.1  -87.9      1   0.01    335   16.0  563.0  563.1  563.0
   34.0  22223  -56.9  -87.8      1   0.01    315   12.0  568.3  568.3  568.3
   33.2  22374  -56.7  -87.7      1   0.01    301   12.3  572.7  572.7  572.7
   33.1  22393  -55.5  -86.5      1   0.01    299   12.3  576.3  576.4  576.3
   32.7  22472  -46.5  -80.5      1   0.02    292   12.4  602.2  602.4  602.2
   31.0  22824  -48.9  -82.3      1   0.02    260   13.0  604.9  605.0  604.9
   30.1  23018  -50.3  -83.3      1   0.01    264   15.7  606.3  606.5  606.3
   30.0  23040  -50.1  -83.1      1   0.01    265   16.0  607.4  607.6  607.5
   28.3  23423  -47.5  -80.5      1   0.02    298   17.7  624.9  625.1  624.9
   27.6  23590  -42.9  -77.9      1   0.04    312   18.4  642.2  642.5  642.2
   27.0  23739  -42.4  -77.4      1   0.04    325   19.0  647.7  648.0  647.7
   26.0  23994  -41.5  -76.5      1   0.05    315   13.6  657.2  657.7  657.2
   24.4  24421  -45.7  -79.7      1   0.03    299    4.4  657.1  657.4  657.1